preselected_rounds <- c(141,800,921,1599,1461,903,1899,408,1650,504,2185,214,1762,376,868,332,1434,139,1625,1179,1591,164,585,343,795,962,1290,1532,837,1177,1244,468,1639)
